iterations: 55000
burn-in: 4324
thin: 30
flat chain shape: (23646, 7)

*** Median values ***
eta1= 1.385002042968655 +0.3993909759572787 -0.26190778453795227
eta2= 19.379174492313446 +14.345091823788856 -7.933414804870317
eta3= 16.73497814033385 +6.8137774565054166 -6.928890439730798
eta4= 1.3432395999759703 +1.6485878355479544 -0.9549788065089024
slope= 0.00025708998895657034 +0.00246155207375468 -0.003071038695156526
offset= 0.014509629897852261 +0.4467458566295472 -0.4086884269926476
s= -1.2486744711192252 +2.598615004404545 -0.14916377269136705
logPost= -371.5575332054035 +2.411383759798582 -2.9683504640045157

*** MAP values ***
eta1= 1.2747618284426006
eta2= 40.95226624011897
eta3= 12.374344024609151
eta4= 0.22292517424108627
slope= 0.00016671110567979038
offset= 0.006707478453761573
s= -1.2062876463602694
logPost= -364.1521319369087

initWRMS / finalWRMS = 1.5627903030487225

Perrakis kde evidence: (-366.8706016915041, 0.21107462635300325)
