iterations: 100000
burn-in: 15151
thin: 12
flat chain shape: (98980, 7)

*** Median values ***
eta1= 22.350059840384553 +5.471200150007849 -3.790468547236948
eta2= 25.71564008692838 +336.7913756079155 -18.260390123808705
eta3= 15.422976686440293 +28.373182745437965 -5.397757173835963
eta4= 0.4473815876562357 +0.7061830036700831 -0.23647295411448055
slope= -0.05033454611756273 +0.02505975944240356 -0.02913708960630952
offset= 7586.0303157187955 +6.4541640634661235 -6.702998583254157
s= -0.06306070907958028 +2.0698107729467585 -1.9288947441289774
logPost= -174.3188237194476 +2.044162312030238 -2.570715765437967

*** MAP values ***
eta1= 18.355822631515736
eta2= 1057.8540249330472
eta3= 43.83322337918572
eta4= 0.22689380153599456
slope= -0.03795563507465029
offset= 7585.682504114531
s= -1.7716869762349459
logPost= -168.08188092937522

initWRMS / finalWRMS = 13.428502705912303

Perrakis kde evidence: (-157.41927584124355, 1.8116838192693223)
