iterations: 100000
burn-in: 17856
thin: 22
flat chain shape: (52262, 7)

*** Median values ***
eta1= 4.793501105594801 +1.3728672542042908 -0.8669012713230644
eta2= 147.40581902186963 +573.6699267843914 -132.30301729468704
eta3= 12.09830226481575 +12.15467806898145 -0.05381423639257399
eta4= 0.4556576819242128 +0.6523435408779386 -0.2082940686024766
slope= -0.007157999220715068 +0.005139147659662634 -0.005601583994801779
offset= 0.0033731998618932446 +1.5578793204541974 -1.802223406547281
s= -0.7391556415556038 +1.6779926551103912 -0.25043986661009643
logPost= -115.95323364330571 +4.182677368667072 -2.817765651091122

*** MAP values ***
eta1= 3.9628195081115853
eta2= 627.3867206638546
eta3= 12.092996978239785
eta4= 0.37226142013349384
slope= -0.006550456589692952
offset= -0.7028525038395237
s= 0.7984274959786581
logPost= -108.11023856361463

initWRMS / finalWRMS = 6.510389782151516

Perrakis kde evidence: (-104.12430099809337, 1.5523460577299841)
