iterations: 30000
burn-in: 1995
thin: 22
flat chain shape: (17808, 7)
*** Median values ***
eta1= 1.2948837459547773 +3.9797409229283325 -0.4949843589177997
eta2= 47.66682259335826 +296.5037136265545 -27.139411495035684
eta3= 28.42414854247719 +15.940578785776886 -15.364405670703144
eta4= 2.749794257900784 +1.3350432261151681 -1.4016814528887307
slope= 0.00206933737885987 +0.005356832136018843 -0.0037081579859802403
offset= 0.36797131435078084 +2.5698457506211447 -0.6652507188938314
s= 1.5410459568649288 +0.11205557692846768 -3.0593478288089355
logPost= -361.2558093471199 +3.1279842525243566 -8.993851817731581

*** MAP values ***
eta1= 0.7471005869431815
eta2= 8.983211615765889
eta3= 10.818309132440692
eta4= 1.6197838793839974
slope= 0.0003719189964283033
offset= 0.34338819743694426
s= 1.5490179855434056
logPost= -355.17212827643533

initWRMS / finalWRMS = 1.1890368012795762

Perrakis kde evidence: (-350.01901061170645, 0.3345700198551065)
