iterations: 20000
burn-in: 1382
thin: 19
flat chain shape: (13706, 7)

*** Median values ***
eta1= 14.251912543580389 +1.911793158916975 -1.5701300902904425
eta2= 9.283251228585854 +23.25171677400077 -4.545096379490056
eta3= 6.744921542002835 +2.4096514872591257 -0.9988818795846468
eta4= 0.12896338968962867 +0.05063138249066115 -0.02076237535918629
slope= 0.03136840530099932 +0.015184721234945374 -0.015113154340194473
offset= 6598.330366573253 +2.6001576271683007 -2.409145091582104
s= 1.512028458161328 +0.16080082860421419 -0.143971682165831
logPost= -340.24954198343204 +1.7927413175260654 -2.4926310060998276

*** MAP values ***
eta1= 12.976787294555166
eta2= 7.118431672776474
eta3= 7.172935659649558
eta4= 0.10289449715718677
slope= 0.023185097402431503
offset= 6597.7409635981
s= 1.3941848289835812
logPost= -335.7459102384273

initWRMS / finalWRMS = 10.907509072730843

Perrakis kde evidence: (-328.65449082632205, 0.7201629777887519)

