iterations: 95000
burn-in: 7414
thin: 34
flat chain shape: (36064, 7)

*** Median values ***
eta1= 5.811167909099815 +0.8008394739928084 -0.6269910254531013
eta2= 12.095963837165773 +27.07847822773623 -5.173939684120032
eta3= 12.024096625465681 +31.435549964795015 -2.826937658407406
eta4= 0.5394320124637637 +0.2766224541953871 -0.38127400847781623
slope= -0.005227538656904793 +0.007409586379373943 -0.0072727383976332
offset= 7377.6495715189685 +1.0891292755886752 -1.0877408740561805
s= 1.6289494271439113 +0.12219614886455155 -0.10959376126777132
logPost= -487.2179789924271 +1.6840552299460114 -2.273517644753781

*** MAP values ***
eta1= 5.3335750466452145
eta2= 7.956396738076649
eta3= 9.607149814834006
eta4= 0.7118985048127668
slope= -0.005580532193726162
offset= 7377.578086025526
s= 1.619568561946041
logPost= -483.556162184887

RMS (m/s): 1.4872152512193835

initWRMS / finalWRMS = 3.4777740012373544

Perrakis kde evidence: (-479.3030820507148, 0.6042844825076786)

