iterations: 100000
burn-in: 9811
thin: 62
flat chain shape: (20356, 7)

*** Median values ***
eta1= 18.577947059629775 +3.1831582773555844 -2.4735858014438463
eta2= 92.97922700344907 +221.97607806738506 -83.18138349418601
eta3= 6.405357481252047 +0.7673795457984127 -0.7992000547855422
eta4= 0.11238911566626314 +0.01964697684835634 -0.009300870171395331
slope= -0.00739827342680534 +0.01760958026505486 -0.018632981573377047
offset= 6574.772161895262 +3.6483825269788213 -3.9687832327626893
s= 3.0713433393950846 +0.20571809635150462 -0.17001876323830123
logPost= -560.2076699958795 +2.296991976753816 -2.9031054819054134

*** MAP values ***
eta1= 16.61522532438833
eta2= 207.65871390941624
eta3= 6.406432575257534
eta4= 0.10012393683626346
slope= -0.006442410345820052
offset= 6575.469735211652
s= 3.061516145405638
logPost= -554.3132529523099

initWRMS / finalWRMS = 4.110547004942442

Perrakis kde evidence: (-543.6708891389038, 0.7801866540044347)
