iterations: 90000
burn-in: 6874
thin: 6
flat chain shape: (193956, 7)

*** Median values ***
eta1= 3.202239898239916 +0.9261578670516535 -0.5543010942402113
eta2= 47.57099815856343 +27.302437735828093 -17.525894399412287
eta3= 36.7724298322795 +2.8084424525436233 -2.9135839243192194
eta4= 0.635602195308356 +0.1788403171836056 -0.1213074521566988
slope= 0.0018186811290770576 +0.006031847307122844 -0.006312802483954877
offset= 0.033888931549038576 +1.045533068585452 -1.0749924432821547
s= -0.7933901926282076 +1.5646930095818652 -0.09103863833629044
logPost= -212.13491856736078 +1.832058344525933 -2.885599938561313

*** MAP values ***
eta1= 2.534744036400066
eta2= 34.6938237357207
eta3= 37.1035023579741
eta4= 0.5452465402512772
slope= 0.0015732957107442774
offset= -0.09297991687193319
s= -0.8207129921225151
logPost= -208.3294398844689

initWRMS / finalWRMS = 4.2378986472562

Perrakis kde evidence: (-208.25488179474937, 0.3339293979762157)
